.A.
1
nave
3
1
0
0
-1
-1
-1
-1
-1
-1
-1
-1
-1
-1
-1
-1
-1
-1
-1
-1
-1
-1
-1
-1
-1
-1
-1
-1
-16777216
-1
-1
-1
-1
-1
-1
-1
-1
-1
-1
-1
-1
-1
-1
-1
-16777216
-1
-1
-1
-1
-1
-1
-1
-1
-1
-1
-1
-1
-1
-1
-16777216
-16711936
-16777216
-1
-1
-1
-1
-1
-1
-1
-1
-1
-1
-1
-1
-16777216
-16711936
-16711936
-16711936
-16777216
-1
-1
-1
-1
-1
-1
-1
-1
-1
-1
-1
-16777216
-16711936
-16711936
-16711936
-16777216
-1
-1
-1
-1
-1
-1
-1
-1
-1
-1
-16777216
-16711936
-16711936
-16711936
-16711936
-16711936
-16777216
-1
-1
-1
-1
-1
-1
-1
-1
-1
-16777216
-16711936
-16711936
-16711936
-16711936
-16711936
-16777216
-1
-1
-1
-1
-1
-1
-1
-1
-1
-16777216
-16711936
-1
-16777216
-1
-16711936
-16777216
-1
-1
-1
-1
-1
-1
-1
-1
-16777216
-16711936
-16711936
-1
-16777216
-1
-16711936
-16711936
-16777216
-1
-1
-1
-1
-1
-1
-16777216
-16777216
-16711936
-16711936
-16711936
-16711936
-16711936
-16711936
-16711936
-16711936
-16777216
-1
-1
-1
-16777216
-16711936
-16711936
-16711936
-16711936
-16711936
-16711936
-16711936
-16711936
-16711936
-16711936
-16711936
-16711936
-16711936
-16777216
-1
-1
-16777216
-16777216
-16777216
-16777216
-16711936
-16711936
-16711936
-16711936
-16711936
-16777216
-16777216
-16777216
-16777216
-1
-1
-1
-1
-1
-1
-1
-16777216
-16777216
-16777216
-16777216
-16777216
-1
-1
-1
-1
-1
-1
-1
-1
-1
-1
-1
-16776961
-16776961
-1
-16776961
-16776961
-1
-1
-1
-1
-1
-1
-1
-1
-1
-1
-1
-1
-1
-1
-1
-1
-1
-1
-1
-1
-1

.A.
2
meteoro
0
40
0
0
-1
-1
-1
-8355712
-1
-1
-1
-1
-1
-1
-1
-1
-1
-1
-1
-1
-1
-1
-1
-1
-1
-1
-1
-1
-1
-1
-1
-1
-8355712
-1
-1
-1
-1
-1
-1
-1
-1
-1
-1
-1
-1
-1
-1
-1
-1
-1
-1
-1
-1
-1
-1
-1
-1
-16777216
-1
-1
-16777216
-16777216
-1
-1
-1
-1
-1
-1
-1
-1
-1
-1
-1
-16777216
-16777216
-16777216
-8355712
-16777216
-16777216
-16777216
-1
-1
-1
-1
-1
-1
-1
-1
-16777216
-8355712
-16777216
-8355712
-8355712
-8355712
-8355712
-8355712
-1
-1
-1
-1
-1
-8355712
-1
-1
-1
-8355712
-8355712
-8355712
-8355712
-8355712
-8355712
-8355712
-8355712
-1
-1
-1
-1
-1
-1
-8355712
-8355712
-8355712
-8355712
-8355712
-8355712
-8355712
-8355712
-8355712
-1
-1
-1
-1
-1
-1
-1
-8355712
-8355712
-8355712
-8355712
-20561
-20561
-8355712
-8355712
-8355712
-1
-1
-1
-1
-1
-1
-1
-1
-8355712
-20561
-20561
-8355712
-8355712
-8355712
-20561
-8355712
-1
-1
-1
-1
-1
-1
-1
-8355712
-8355712
-8355712
-8355712
-20561
-20561
-20561
-8355712
-1
-1
-1
-1
-1
-1
-1
-1
-1
-1
-8355712
-1
-8355712
-8355712
-8355712
-1
-1
-1
-1
-1
-1
-1
-1
-1
-1
-1
-1
-1
-1
-1
-1
-1
-1
-1
-1
-1
-1
-1
-1
-1
-1
-1
-1
-1
-1
-1
-1
-1
-1
-1
-1
-1
-1
-1
-1
-1
-1
-1
-1
-1
-1
-1
-1
-1
-1
-1
-1
-1
-1
-1
-1
-1
-1
-1
-1
-1
-1
-1
-1
-1
-1
-1
-1
-1
-1

.A.
3
base
0
25
0
0
-1
-1
-1
-1
-1
-1
-1
-1
-1
-1
-1
-1
-1
-1
-1
-1
-1
-1
-1
-1
-1
-1
-1
-1
-1
-1
-1
-1
-1
-1
-1
-1
-1
-1
-1
-1
-1
-1
-1
-1
-1
-1
-1
-1
-1
-1
-1
-1
-1
-1
-1
-1
-1
-1
-1
-1
-1
-1
-1
-1
-1
-1
-1
-1
-1
-1
-1
-1
-1
-1
-1
-1
-1
-1
-1
-1
-1
-1
-1
-1
-1
-1
-1
-1
-1
-1
-1
-1
-1
-1
-1
-1
-1
-1
-1
-1
-1
-1
-1
-1
-1
-1
-1
-1
-1
-1
-1
-1
-1
-1
-1
-1
-1
-1
-1
-1
-1
-1
-1
-1
-1
-1
-1
-1
-1
-1
-1
-1
-1
-1
-1
-1
-1
-1
-1
-1
-1
-1
-1
-1
-1
-1
-1
-1
-1
-1
-1
-1
-1
-1
-1
-1
-1
-1
-1
-1
-1
-1
-1
-1
-1
-1
-1
-1
-1
-1
-1
-1
-1
-1
-1
-1
-1
-1
-1
-1
-1
-1
-1
-1
-1
-1
-1
-1
-1
-1
-1
-1
-1
-1
-1
-1
-1
-1
-1
-1
-1
-1
-1
-1
-1
-1
-1
-1
-1
-1
-1
-1
-1
-1
-1
-1
-1
-1
-1
-1
-1
-1
-1
-1
-1
-1
-1
-1
-1
-1
-1
-1
-1
-1
-1
-1
-1
-1
-1
-1
-1
-1
-1
-1
-65536
-65536
-65536
-65536
-65536
-65536
-65536
-65536
-65536
-65536
-65536
-65536
-65536
-65536
-65536
-65536

.A.
4
explosao
0
0
0
0
-65536
-65536
-1
-1
-1
-1
-65536
-1
-1
-1
-1
-1
-1
-65536
-1
-1
-65536
-65536
-65536
-65536
-65536
-65536
-1
-65536
-65536
-1
-65536
-65536
-65536
-65536
-65536
-1
-1
-1
-65536
-256
-14336
-65536
-65536
-14336
-14336
-65536
-14336
-14336
-14336
-65536
-1
-1
-1
-65536
-14336
-14336
-256
-256
-14336
-256
-256
-256
-256
-14336
-256
-65536
-1
-1
-1
-1
-65536
-14336
-14336
-14336
-14336
-256
-256
-14336
-256
-256
-256
-65536
-1
-1
-1
-1
-65536
-14336
-256
-256
-1
-256
-256
-256
-256
-256
-256
-256
-65536
-65536
-1
-65536
-14336
-14336
-14336
-14336
-256
-1
-1
-256
-1
-14336
-14336
-14336
-65536
-1
-65536
-65536
-65536
-14336
-256
-256
-256
-1
-1
-1
-256
-14336
-256
-65536
-14336
-1
-1
-1
-65536
-14336
-14336
-256
-1
-1
-1
-1
-1
-256
-256
-65536
-65536
-1
-1
-1
-14336
-65536
-14336
-256
-256
-1
-1
-1
-256
-256
-14336
-14336
-65536
-1
-1
-1
-65536
-65536
-256
-256
-14336
-256
-1
-14336
-256
-256
-14336
-14336
-14336
-65536
-1
-1
-65536
-256
-14336
-256
-14336
-14336
-256
-14336
-256
-14336
-256
-65536
-65536
-1
-1
-1
-65536
-14336
-256
-14336
-256
-256
-14336
-256
-14336
-256
-14336
-256
-65536
-1
-1
-65536
-256
-65536
-65536
-14336
-14336
-14336
-65536
-65536
-14336
-14336
-65536
-14336
-65536
-1
-65536
-65536
-65536
-65536
-1
-65536
-65536
-1
-65536
-65536
-65536
-65536
-14336
-65536
-65536
-65536
-65536
-65536
-1
-1
-1
-1
-1
-65536
-1
-1
-1
-1
-1
-1
-65536
-65536

.A.
5
nave_impacto
0
0
0
0
-1
-1
-1
-1
-1
-1
-1
-1
-65536
-1
-14336
-1
-1
-1
-1
-1
-1
-1
-1
-1
-1
-65536
-1
-65536
-14336
-1
-65536
-65536
-1
-65536
-1
-1
-1
-1
-14336
-65536
-65536
-14336
-14336
-14336
-16777216
-14336
-14336
-14336
-14336
-14336
-1
-1
-1
-1
-1
-65536
-14336
-14336
-256
-14336
-256
-14336
-14336
-14336
-14336
-1
-1
-1
-1
-1
-1
-1
-65536
-14336
-256
-256
-1
-1
-256
-14336
-14336
-65536
-1
-1
-1
-1
-1
-1
-65536
-14336
-14336
-1
-256
-256
-14336
-1
-14336
-65536
-1
-1
-1
-1
-1
-1
-1
-65536
-65536
-14336
-14336
-65536
-14336
-14336
-65536
-65536
-1
-1
-1
-1
-1
-1
-1
-16777216
-16711936
-65536
-14336
-14336
-16711936
-16777216
-1
-1
-1
-1
-1
-1
-1
-1
-1
-16777216
-16711936
-1
-16777216
-1
-16711936
-16777216
-1
-1
-1
-1
-1
-1
-1
-1
-16777216
-16711936
-16711936
-1
-16777216
-1
-16711936
-16711936
-16777216
-1
-1
-1
-1
-1
-1
-16777216
-16777216
-16711936
-16711936
-16711936
-16711936
-16711936
-16711936
-16711936
-16777216
-16777216
-1
-1
-1
-16777216
-16711936
-16711936
-16711936
-16711936
-16711936
-16711936
-16711936
-16711936
-16711936
-16711936
-16711936
-16711936
-16711936
-16777216
-1
-1
-16777216
-16777216
-16777216
-16777216
-16711936
-16711936
-16711936
-16711936
-16711936
-16777216
-16777216
-16777216
-16777216
-1
-1
-1
-1
-1
-1
-1
-16777216
-16777216
-16777216
-16777216
-16777216
-1
-1
-1
-1
-1
-1
-1
-1
-1
-1
-1
-16776961
-16776961
-1
-16776961
-16776961
-1
-1
-1
-1
-1
-1
-1
-1
-1
-1
-1
-1
-1
-1
-1
-1
-1
-1
-1
-1
-1

.V.
energia_nave
int
100

.V.
explodiu
int
0

.V.

int
0

.P.
energia_nave=0&&explodiu=1

.C.
meteoro
1
atinge_tempo_de_vida(1)
movimento_direcionado(S, 1)


1

.C.
nave
2
percebe_agente(meteoro)
foge_de_agente(meteoro)


2

.C.
nave
3
atinge_agente(meteoro)
energia_nave=energia_nave-10&&transforma(nave_impacto)


1

.C.
meteoro
4
atinge_agente(base)
movimento_direcionado(N,23)&&movimento_randomico()


0

.C.
nave
5
energia_nave=0
transforma(explosao)

explodiu=1
0

.C.
nave_impacto
6
atinge_tempo_de_vida(2)
transforma(nave)


0

.D.
nave
1
13
22

.D.
base
1
1
25

.D.
base
2
2
25

.D.
base
3
3
25

.D.
base
4
4
25

.D.
base
5
5
25

.D.
base
6
6
25

.D.
base
7
7
25

.D.
base
8
8
25

.D.
base
9
9
25

.D.
base
10
10
25

.D.
base
11
11
25

.D.
base
12
12
25

.D.
base
13
13
25

.D.
base
14
14
25

.D.
base
15
15
25

.D.
base
16
16
25

.D.
base
17
17
25

.D.
base
18
18
25

.D.
base
19
19
25

.D.
base
20
20
25

.D.
base
21
21
25

.D.
base
22
22
25

.D.
base
23
23
25

.D.
base
24
24
25

.D.
base
25
25
25

.M.
25
25
