.A.
1
zumbi
5
4
0
0
-1
-1
-16777216
-16777216
-16777216
-16777216
-16777216
-16777216
-16777216
-16777216
-16777216
-16777216
-16777216
-16777216
-1
-1
-1
-16777216
-1
-1
-1
-16711936
-16711936
-16711936
-16711936
-16711936
-16711936
-16711936
-16711936
-16711936
-16777216
-1
-16777216
-1
-1
-16711936
-16711936
-16711936
-16711936
-16711936
-16711936
-16711936
-16711936
-16711936
-16711936
-16711936
-16711936
-16777216
-16777216
-1
-16711936
-65536
-65536
-65536
-16711936
-16711936
-16711936
-16711936
-16711936
-16711936
-16711936
-16711936
-16711936
-16777216
-16777216
-1
-65536
-65536
-16711936
-16711936
-16711936
-16711936
-16711936
-16711936
-16711936
-16711936
-16711936
-16711936
-16711936
-16777216
-16777216
-16711936
-16711936
-16711936
-16711936
-16711936
-16711936
-16711936
-16711936
-16711936
-16711936
-16711936
-16711936
-16711936
-16711936
-16777216
-16777216
-1
-16711936
-16711936
-16711936
-16777216
-16711936
-16711936
-16711936
-16711936
-16777216
-16711936
-16711936
-16711936
-16711936
-16777216
-16777216
-16711936
-16711936
-16711936
-16711936
-16777216
-16711936
-16711936
-16711936
-16711936
-16777216
-16711936
-16711936
-16711936
-16711936
-16777216
-16777216
-16711936
-16711936
-16711936
-16711936
-16777216
-16711936
-16711936
-16711936
-16711936
-16777216
-16711936
-16711936
-16711936
-16711936
-16777216
-16777216
-16711936
-16711936
-16711936
-8355712
-16777216
-8355712
-16711936
-16711936
-8355712
-16777216
-8355712
-16711936
-16711936
-16711936
-16777216
-16777216
-16711936
-16711936
-16711936
-16711936
-8355712
-16711936
-16711936
-16711936
-16711936
-20561
-16711936
-16711936
-16711936
-16711936
-16777216
-16777216
-16711936
-16711936
-16711936
-16711936
-16711936
-65536
-1
-65536
-65536
-20561
-16711936
-16711936
-16711936
-16711936
-16777216
-16777216
-16711936
-16711936
-16711936
-16711936
-16711936
-65536
-65536
-65536
-1
-16711936
-16711936
-16711936
-16711936
-16711936
-16777216
-16777216
-16711936
-16711936
-16711936
-16711936
-16711936
-20561
-16711936
-20561
-16711936
-16711936
-16711936
-16711936
-16711936
-16711936
-16777216
-1
-16777216
-16711936
-16711936
-16711936
-16711936
-20561
-16711936
-16711936
-16711936
-16711936
-16711936
-16711936
-16711936
-16777216
-1
-1
-1
-16777216
-16777216
-16777216
-16777216
-16777216
-16777216
-16777216
-16777216
-16777216
-16777216
-16777216
-16777216
-1
-1

.A.
2
medico
12
3
6
0
-1
-1
-1
-1
-1
-1
-1
-1
-1
-1
-1
-1
-1
-1
-1
-1
-1
-1
-1
-1
-8355712
-8355712
-8355712
-8355712
-8355712
-8355712
-8355712
-1
-1
-1
-1
-1
-1
-1
-1
-8355712
-8355712
-8355712
-8355712
-8355712
-8355712
-8355712
-8355712
-8355712
-1
-1
-1
-1
-1
-1
-8355712
-8355712
-8355712
-8355712
-65536
-65536
-65536
-8355712
-8355712
-8355712
-8355712
-1
-1
-1
-1
-8355712
-8355712
-8355712
-8355712
-8355712
-65536
-65536
-65536
-8355712
-8355712
-8355712
-8355712
-8355712
-1
-1
-1
-8355712
-8355712
-8355712
-8355712
-8355712
-65536
-65536
-65536
-8355712
-8355712
-8355712
-8355712
-8355712
-1
-1
-1
-8355712
-8355712
-65536
-65536
-65536
-65536
-65536
-65536
-65536
-65536
-65536
-8355712
-8355712
-1
-1
-1
-8355712
-8355712
-65536
-65536
-65536
-65536
-65536
-65536
-65536
-65536
-65536
-8355712
-8355712
-1
-1
-1
-8355712
-8355712
-65536
-65536
-65536
-65536
-65536
-65536
-65536
-65536
-65536
-8355712
-8355712
-1
-1
-1
-8355712
-8355712
-8355712
-8355712
-8355712
-65536
-65536
-65536
-8355712
-8355712
-8355712
-8355712
-8355712
-1
-1
-1
-1
-8355712
-8355712
-8355712
-8355712
-65536
-65536
-65536
-8355712
-8355712
-8355712
-8355712
-1
-1
-1
-1
-1
-1
-8355712
-8355712
-8355712
-65536
-65536
-65536
-8355712
-8355712
-8355712
-1
-1
-1
-1
-1
-1
-1
-8355712
-8355712
-8355712
-8355712
-8355712
-8355712
-8355712
-8355712
-8355712
-1
-1
-1
-1
-1
-1
-1
-1
-8355712
-8355712
-8355712
-8355712
-8355712
-8355712
-8355712
-1
-1
-1
-1
-1
-1
-1
-1
-1
-1
-8355712
-8355712
-8355712
-8355712
-8355712
-1
-1
-1
-1
-1
-1
-1
-1
-1
-1
-1
-1
-8355712
-8355712
-8355712
-1
-1
-1
-1
-1
-1
-1

.A.
3
humano1
6
6
0
0
-1
-1
-16777216
-16777216
-16777216
-16777216
-16777216
-16777216
-16777216
-16777216
-16777216
-16777216
-16777216
-16777216
-1
-1
-1
-16777216
-1
-1
-1
-16776961
-16776961
-16776961
-16776961
-16776961
-16776961
-16776961
-16776961
-16776961
-16777216
-1
-16777216
-1
-1
-16776961
-16776961
-16776961
-16776961
-16776961
-16776961
-16776961
-16776961
-16776961
-16776961
-16776961
-16776961
-16777216
-16777216
-1
-16776961
-16776961
-16776961
-16776961
-16776961
-16776961
-16776961
-16776961
-16776961
-16776961
-16776961
-16776961
-16776961
-16777216
-16777216
-1
-16776961
-16776961
-16776961
-16776961
-16776961
-16776961
-16776961
-16776961
-16776961
-16776961
-16776961
-16776961
-16776961
-16777216
-16777216
-16776961
-16776961
-16776961
-16711681
-16711681
-16776961
-16776961
-16776961
-16776961
-16711681
-16711681
-16776961
-16776961
-16776961
-16777216
-16777216
-1
-16776961
-16711681
-16776961
-16776961
-16711681
-16776961
-16776961
-16711681
-16776961
-16776961
-16711681
-16776961
-16776961
-16777216
-16777216
-16776961
-16776961
-16776961
-16776961
-16776961
-16776961
-16776961
-16776961
-16776961
-16776961
-16776961
-16776961
-16776961
-16776961
-16777216
-16777216
-16776961
-16776961
-16776961
-16776961
-16776961
-16776961
-16776961
-16776961
-16776961
-16776961
-16776961
-16776961
-16776961
-16776961
-16777216
-16777216
-16776961
-16776961
-16776961
-16777216
-16777216
-16777216
-16777216
-16777216
-16777216
-16777216
-16777216
-16776961
-16776961
-16776961
-16777216
-16777216
-16776961
-16776961
-16776961
-16777216
-65536
-65536
-65536
-65536
-65536
-65536
-16777216
-16776961
-16776961
-16776961
-16777216
-16777216
-16776961
-16776961
-16776961
-16776961
-16777216
-65536
-20561
-20561
-65536
-16777216
-16776961
-16776961
-16776961
-16776961
-16777216
-16777216
-16776961
-16776961
-16776961
-16776961
-16776961
-16777216
-16777216
-16777216
-16777216
-16776961
-16776961
-16776961
-16776961
-16776961
-16777216
-16777216
-16776961
-16776961
-16776961
-16776961
-16776961
-16776961
-16776961
-16776961
-16776961
-16776961
-16776961
-16776961
-16776961
-16776961
-16777216
-1
-16777216
-16776961
-16776961
-16776961
-16776961
-16776961
-16776961
-16776961
-16776961
-16776961
-16776961
-16776961
-16776961
-16777216
-1
-1
-1
-16777216
-16777216
-16777216
-16777216
-16777216
-16777216
-16777216
-16777216
-16777216
-16777216
-16777216
-16777216
-1
-1

.A.
4
humano2
5
0
0
0
-1
-1
-16777216
-16777216
-16777216
-16777216
-16777216
-16777216
-16777216
-16777216
-16777216
-16777216
-16777216
-16777216
-1
-1
-1
-16777216
-1
-1
-1
-16776961
-16776961
-16776961
-16776961
-16776961
-16776961
-16776961
-16776961
-16776961
-16777216
-1
-16777216
-1
-1
-16776961
-16776961
-16776961
-16776961
-16776961
-16776961
-16776961
-16776961
-16776961
-16776961
-16776961
-16776961
-16777216
-16777216
-1
-16776961
-16776961
-16776961
-16776961
-16776961
-16776961
-16776961
-16776961
-16776961
-16776961
-16776961
-16776961
-16776961
-16777216
-16777216
-1
-16776961
-16776961
-16776961
-16776961
-16776961
-16776961
-16776961
-16776961
-16776961
-16776961
-16776961
-16776961
-16776961
-16777216
-16777216
-16776961
-16776961
-16776961
-16776961
-16776961
-16776961
-16776961
-16776961
-16776961
-16776961
-16776961
-16776961
-16776961
-16776961
-16777216
-16777216
-1
-16776961
-16776961
-16776961
-16711681
-16776961
-16776961
-16776961
-16776961
-16711681
-16776961
-16776961
-16776961
-16776961
-16777216
-16777216
-16776961
-16776961
-16776961
-16776961
-16711681
-16776961
-16776961
-16776961
-16776961
-16711681
-16776961
-16776961
-16776961
-16776961
-16777216
-16777216
-16776961
-16776961
-16776961
-16776961
-16711681
-16776961
-16776961
-16776961
-16776961
-16711681
-16776961
-16776961
-16776961
-16776961
-16777216
-16777216
-16776961
-16776961
-16776961
-16776961
-16711681
-16776961
-16776961
-16776961
-16776961
-16711681
-16776961
-16776961
-16776961
-16776961
-16777216
-16777216
-16776961
-16776961
-16776961
-16776961
-16776961
-16776961
-16776961
-16776961
-16776961
-16776961
-16776961
-16776961
-16776961
-16776961
-16777216
-16777216
-16776961
-16776961
-16776961
-16776961
-16776961
-16776961
-16776961
-16776961
-16776961
-16776961
-16776961
-16776961
-16776961
-16776961
-16777216
-16777216
-16776961
-16776961
-16776961
-16776961
-16776961
-16776961
-16776961
-16776961
-16776961
-16776961
-16776961
-16776961
-16776961
-16776961
-16777216
-16777216
-16776961
-16776961
-16776961
-16776961
-16776961
-16776961
-16776961
-16776961
-16776961
-16776961
-16776961
-16776961
-16776961
-16776961
-16777216
-1
-16777216
-16776961
-16776961
-16776961
-16776961
-16776961
-16776961
-16776961
-16776961
-16776961
-16776961
-16776961
-16776961
-16777216
-1
-1
-1
-16777216
-16777216
-16777216
-16777216
-16777216
-16777216
-16777216
-16777216
-16777216
-16777216
-16777216
-16777216
-1
-1

.A.
5
humano3
4
0
0
0
-1
-1
-16777216
-16777216
-16777216
-16777216
-16777216
-16777216
-16777216
-16777216
-16777216
-16777216
-16777216
-16777216
-1
-1
-1
-16777216
-1
-1
-1
-16776961
-16776961
-16776961
-16776961
-16776961
-16776961
-16776961
-16776961
-16776961
-16777216
-1
-16777216
-1
-1
-16776961
-16776961
-16776961
-16776961
-16776961
-16776961
-16776961
-16776961
-16776961
-16776961
-16776961
-16776961
-16777216
-16777216
-1
-16776961
-16776961
-16776961
-16776961
-16711681
-16776961
-16776961
-16711681
-16776961
-16776961
-16776961
-16776961
-16776961
-16777216
-16777216
-1
-16776961
-16776961
-16776961
-16711681
-16776961
-16776961
-16776961
-16776961
-16711681
-16776961
-16776961
-16776961
-16776961
-16777216
-16777216
-16776961
-16776961
-16776961
-16711681
-16711681
-16776961
-16776961
-16776961
-16776961
-16711681
-16711681
-16776961
-16776961
-16776961
-16777216
-16777216
-1
-16776961
-16711681
-16776961
-16711681
-16776961
-16776961
-16776961
-16776961
-16711681
-16776961
-16711681
-16776961
-16776961
-16777216
-16777216
-16776961
-16776961
-16776961
-16776961
-16711681
-16776961
-16776961
-16776961
-16776961
-16711681
-16776961
-16776961
-16776961
-16776961
-16777216
-16777216
-16776961
-16776961
-16776961
-16776961
-16711681
-16776961
-16776961
-16776961
-16776961
-16711681
-16776961
-16776961
-16776961
-16776961
-16777216
-16777216
-16776961
-16776961
-16776961
-16776961
-16711681
-16776961
-16776961
-16776961
-16776961
-16711681
-16776961
-16776961
-16776961
-16776961
-16777216
-16777216
-16776961
-16776961
-16776961
-16776961
-16776961
-16776961
-16776961
-16776961
-16776961
-16776961
-16776961
-16776961
-16776961
-16776961
-16777216
-16777216
-16776961
-16776961
-16776961
-16777216
-16777216
-16777216
-16777216
-16777216
-16777216
-16777216
-16777216
-16776961
-16776961
-16776961
-16777216
-16777216
-16776961
-16776961
-16777216
-16776961
-16776961
-16776961
-16776961
-16776961
-16776961
-16776961
-16776961
-16777216
-16776961
-16776961
-16777216
-16777216
-16776961
-16776961
-16776961
-16776961
-16776961
-16776961
-16776961
-16776961
-16776961
-16776961
-16776961
-16776961
-16776961
-16776961
-16777216
-1
-16777216
-16776961
-16776961
-16776961
-16776961
-16776961
-16776961
-16776961
-16776961
-16776961
-16776961
-16776961
-16776961
-16777216
-1
-1
-1
-16777216
-16777216
-16777216
-16777216
-16777216
-16777216
-16777216
-16777216
-16777216
-16777216
-16777216
-16777216
-1
-1

.A.
6
zumbi_morto
0
0
0
0
-1
-1
-16777216
-16777216
-16777216
-16777216
-16777216
-16777216
-16777216
-16777216
-16777216
-16777216
-16777216
-16777216
-1
-1
-1
-16777216
-1
-1
-1
-16711936
-16711936
-16711936
-16711936
-16711936
-16711936
-16711936
-16711936
-16711936
-16777216
-1
-16777216
-1
-1
-16711936
-16711936
-16711936
-16777216
-16777216
-16777216
-16777216
-16711936
-16711936
-16711936
-16711936
-16711936
-16777216
-16777216
-1
-16711936
-16711936
-16711936
-16711936
-16777216
-16777216
-16777216
-16777216
-16711936
-16711936
-16711936
-16711936
-16711936
-16777216
-16777216
-1
-16711936
-16711936
-16711936
-16711936
-16777216
-16777216
-16777216
-16777216
-16711936
-16711936
-16711936
-16711936
-16711936
-16777216
-16777216
-16711936
-16711936
-16777216
-16777216
-16777216
-16777216
-16777216
-16777216
-16777216
-16777216
-16777216
-16777216
-16711936
-16711936
-16777216
-16777216
-1
-16711936
-16777216
-16777216
-16777216
-16777216
-16777216
-16777216
-16777216
-16777216
-16777216
-16777216
-16711936
-16711936
-16777216
-16777216
-16711936
-16711936
-16777216
-16777216
-16777216
-16777216
-16777216
-16777216
-16777216
-16777216
-16777216
-16777216
-16711936
-16711936
-16777216
-16777216
-16711936
-16711936
-16777216
-16777216
-16777216
-16777216
-16777216
-16777216
-16777216
-16777216
-16777216
-16777216
-16711936
-16711936
-16777216
-16777216
-16711936
-16711936
-16711936
-16711936
-16711936
-16777216
-16777216
-16777216
-16777216
-16711936
-16711936
-16711936
-16711936
-16711936
-16777216
-16777216
-16711936
-16711936
-16711936
-16711936
-16711936
-16777216
-16777216
-16777216
-16777216
-16711936
-16711936
-16711936
-16711936
-16711936
-16777216
-16777216
-16711936
-16711936
-16711936
-16711936
-16711936
-16777216
-16777216
-16777216
-16777216
-16711936
-16711936
-16711936
-16711936
-16711936
-16777216
-16777216
-16711936
-16711936
-16711936
-16711936
-16711936
-16777216
-16777216
-16777216
-16777216
-16711936
-16711936
-16711936
-16711936
-16711936
-16777216
-16777216
-16711936
-16711936
-16711936
-16711936
-16711936
-16777216
-16777216
-16777216
-16777216
-16711936
-16711936
-16711936
-16711936
-16711936
-16777216
-1
-16777216
-16711936
-16711936
-16711936
-16711936
-16711936
-16711936
-16711936
-16711936
-16711936
-16711936
-16711936
-16711936
-16777216
-1
-1
-1
-16777216
-16777216
-16777216
-16777216
-16777216
-16777216
-16777216
-16777216
-16777216
-16777216
-16777216
-16777216
-1
-1

.A.
7

0
0
0
0
-1
-1
-1
-1
-1
-1
-1
-1
-1
-1
-1
-1
-1
-1
-1
-1
-1
-1
-1
-1
-1
-1
-1
-1
-1
-1
-1
-1
-1
-1
-1
-1
-1
-1
-1
-1
-1
-1
-1
-1
-1
-1
-1
-1
-1
-1
-1
-1
-1
-1
-1
-1
-1
-1
-1
-1
-1
-1
-1
-1
-1
-1
-1
-1
-1
-1
-1
-1
-1
-1
-1
-1
-1
-1
-1
-1
-1
-1
-1
-1
-1
-1
-1
-1
-1
-1
-1
-1
-1
-1
-1
-1
-1
-1
-1
-1
-1
-1
-1
-1
-1
-1
-1
-1
-1
-1
-1
-1
-1
-1
-1
-1
-1
-1
-1
-1
-1
-1
-1
-1
-1
-1
-1
-1
-1
-1
-1
-1
-1
-1
-1
-1
-1
-1
-1
-1
-1
-1
-1
-1
-1
-1
-1
-1
-1
-1
-1
-1
-1
-1
-1
-1
-1
-1
-1
-1
-1
-1
-1
-1
-1
-1
-1
-1
-1
-1
-1
-1
-1
-1
-1
-1
-1
-1
-1
-1
-1
-1
-1
-1
-1
-1
-1
-1
-1
-1
-1
-1
-1
-1
-1
-1
-1
-1
-1
-1
-1
-1
-1
-1
-1
-1
-1
-1
-1
-1
-1
-1
-1
-1
-1
-1
-1
-1
-1
-1
-1
-1
-1
-1
-1
-1
-1
-1
-1
-1
-1
-1
-1
-1
-1
-1
-1
-1
-1
-1
-1
-1
-1
-1
-1
-1
-1
-1
-1
-1
-1
-1
-1
-1
-1
-1
-1
-1
-1
-1

.V.
quantidade_humano
int
6

.P.
quantidade_humano<1

.C.
zumbi
1
atinge_agente(humano1)
mata_agente(humano1)&&reproduz(1,humano2)


10

.C.
zumbi
2
atinge_agente(humano2)
mata_agente(humano2)&&reproduz(1,humano3)


20

.C.
zumbi
3
atinge_agente(humano3)
mata_agente(humano3)&&reproduz(1,zumbi)

quantidade_humano=quantidade_humano-1
30

.C.
zumbi
4
percebe_agente(humano1)
segue_agente(humano1)


40

.C.
zumbi
5
percebe_agente(humano2)
segue_agente(humano2)


50

.C.
zumbi
6
percebe_agente(humano3)
segue_agente(humano3)


60

.C.
zumbi
7
!percebe_agente(humano3)&&!percebe_agente(humano2)&&!percebe_agente(humano1)
movimento_randomico()


90

.C.
humano1
8
atinge_agente(zumbi)
mata_agente(zumbi)&&reproduz(1,zumbi_morto)


100

.C.
humano1
9
percebe_agente(zumbi)
foge_de_agente(zumbi)


110

.C.
humano1
10
!percebe_agente(zumbi)
movimento_randomico()


120

.C.
humano2
11
atinge_agente(zumbi)
mata_agente(zumbi)&&reproduz(1,zumbi_morto)


200

.C.
humano2
12
percebe_agente(zumbi)
foge_de_agente(zumbi)


210

.C.
humano2
13
!percebe_agente(zumbi)
movimento_randomico()


220

.C.
humano3
14
percebe_agente(medico)
segue_agente(medico)


300

.C.
humano3
15
percebe_agente(zumbi)
foge_de_agente(zumbi)


310

.C.
humano3
16
!percebe_agente(zumbi)
movimento_randomico()


320

.C.
medico
17
atinge_agente(humano3)
mata_agente(humano3)&&reproduz(1,humano2)


410

.C.
medico
18
atinge_agente(humano2)
mata_agente(humano2)&&reproduz(1,humano1)


420

.C.
medico
19
percebe_agente(humano3)
segue_agente(humano3)


440

.C.
medico
20
percebe_agente(humano2)
segue_agente(humano2)


450

.C.
medico
21
!percebe_agente(humano3)&&!percebe_agente(humano2)
movimento_randomico()


470

.C.
zumbi_morto
22
atinge_tempo_de_vida(15)
transforma(zumbi)


500

.M.
25
25
